First pass so continue.
First pass so continue.
Triangle number 150 in the original triangles: 
[[ 2.6800000e-02 -8.8600000e-01  3.8117996e+01  1.0000000e+00]
 [ 4.1300000e-02 -8.8480000e-01  3.8112301e+01  1.0000000e+00]
 [ 3.0100000e-02 -9.5150000e-01  3.8115498e+01  1.0000000e+00]]
// Created by Crowbar 0.72

version 1

nodes

  0 "ValveBiped.Bip01_Spine" -1

  1 "valvebiped.bip01_spine1" 0

  2 "valvebiped.bip01_spine2" 1

  3 "LeftBreast" 2

  4 "LeftBreast2" 3

  5 "LeftBreast3" 4

  6 "LeftBreast4" 5

  7 "RightBreast" 2

  8 "RightBreast2" 7

  9 "RightBreast3" 8

  10 "RightBreast4" 9

  11 "valvebiped.bip01_spine4" 2

  12 "Neck" 11

  13 "ValveBiped.Bip01_neck1" 12

  14 "ValveBiped.Bip01_Head1" 13

  15 "ValveBiped.forward" 14

  16 "L-Ear-1" 14

  17 "L-Ear-2" 16

  18 "R-Ear-1" 14

  19 "R-Ear-2" 18

  20 "JawBone" 14

  21 "Lips" 20

  22 "Tongue1" 20

  23 "Tongue2" 22

  24 "Tongue3" 23

  25 "Tongue4" 24

  26 "valvebiped.bip01_r_clavicle" 11

  27 "valvebiped.bip01_r_upperarm" 26

  28 "valvebiped.bip01_r_forearm" 27

  29 "valvebiped.bip01_r_hand" 28

  30 "RightFingers" 29

  31 "RightIndex1" 30

  32 "RightIndex2" 31

  33 "RightIndex3" 32

  34 "RightMiddle1" 30

  35 "RightMiddle2" 34

  36 "RightMiddle3" 35

  37 "RightRing1" 30

  38 "RightRing2" 37

  39 "RightRing3" 38

  40 "RightPinky1" 30

  41 "RightPinky2" 40

  42 "RightPinky3" 41

  43 "RightThumb1" 30

  44 "RightThumb2" 43

  45 "RightThumb3" 44

  46 "RightUlna" 28

  47 "RightWrist" 46

  48 "RightElbow" 27

  49 "RightBicep" 27

  50 "valvebiped.bip01_l_clavicle" 11

  51 "valvebiped.bip01_l_upperarm" 50

  52 "valvebiped.bip01_l_forearm" 51

  53 "valvebiped.bip01_l_hand" 52

  54 "LeftFingers" 53

  55 "LeftIndex1" 54

  56 "LeftIndex2" 55

  57 "LeftIndex3" 56

  58 "LeftMiddle1" 54

  59 "LeftMiddle2" 58

  60 "LeftMiddle3" 59

  61 "LeftRing1" 54

  62 "LeftRing2" 61

  63 "LeftRing3" 62

  64 "LeftPinky1" 54

  65 "LeftPinky2" 64

  66 "LeftPinky3" 65

  67 "LeftThumb1" 54

  68 "LeftThumb2" 67

  69 "LeftThumb3" 68

  70 "LeftUlna" 52

  71 "LeftWrist" 70

  72 "LeftElbow" 51

  73 "LeftBicep" 51

  74 "LeftShoulderCuff" 11

  75 "RightShoulderCuff" 11

  76 "ValveBiped.Bip01_Pelvis" 0

  77 "Pussy" 76

  78 "Pussy2" 77

  79 "LeftHip" 76

  80 "RightHip" 76

  81 "Naval" 76

  82 "RightButt1" 76

  83 "RightButt2" 82

  84 "LeftButt1" 76

  85 "LeftButt2" 84

  86 "valvebiped.bip01_r_thigh" 76

  87 "RightThigh" 86

  88 "valvebiped.bip01_r_calf" 86

  89 "valvebiped.bip01_r_foot" 88

  90 "RightAnkle" 89

  91 "RightFoot2" 90

  92 "RightFoot3" 90

  93 "RightToes" 92

  94 "valvebiped.bip01_l_thigh" 76

  95 "LeftThigh" 94

  96 "valvebiped.bip01_l_calf" 94

  97 "valvebiped.bip01_l_foot" 96

  98 "LeftAnkle" 97

  99 "LeftFoot2" 98

  100 "LeftFoot3" 98

  101 "LeftToes" 100

  102 "L-Hair-3-1" 14

  103 "L-Hair-3-2" 102

  104 "L-Hair-2-1" 14

  105 "L-Hair-2-2" 104

  106 "L-Hair-1-1" 14

  107 "L-Hair-1-2" 106

  108 "R-Hair-3-1" 14

  109 "R-Hair-3-2" 108

  110 "R-Hair-2-1" 14

  111 "R-Hair-2-2" 110

  112 "R-Hair-1-1" 14

  113 "R-Hair-1-2" 112

end

skeleton

  time 0

    0 0.000000 -0.410179 45.800186 1.570796 -..00000 0.000000

    1 0.000000 0.955463 0.000000 -0.003490 -..00000 0.000000

    2 0.000000 4.474342 -0.003334 -0.109084 -..00000 0.000000

    3 2.899487 0.691017 2.892550 0.209440 0.436332 0.000000

    4 -0.000004 0.000008 2.486270 0.000000 0.000000 0.000000

    5 -0.000004 0.000034 1.805665 0.000000 0.000000 0.000000

    6 -0.000001 0.000027 0.972280 0.000000 0.000000 0.000000

    7 -2.899487 0.691017 2.892550 0.209440 -0.436332 0.000000

    8 0.000003 0.000023 2.486271 0.000000 0.000000 0.000000

    9 0.000005 0.000019 1.805667 0.000000 0.000000 0.000000

    10 0.000002 0.000019 0.972279 0.000000 0.000000 0.000000

    11 0.000000 6.530632 -0.060177 0.000000 -..00000 0.000000

    12 0.000000 2.341499 0.060178 0.112573 -..00000 0.000000

    13 0.000000 1.520401 0.000000 0.000000 -..00000 0.000000

    14 -0.175073 1.529644 0.785000 -1.570790 0.000037 -1.562152

    15 -2.861046 -2.492881 0.000023 1.575208 0.018040 -1.570254

    16 -2.315208 -1.117930 2.838907 -1.384774 -1.107351 1.452340

    17 0.611690 0.002611 0.032196 -0.520410 0.168387 0.349085

    18 -2.326424 -1.120019 -2.848608 -1.887849 1.115215 1.124227

    19 0.624024 -0.008153 0.109642 0.475076 -0.202878 -0.494193

    20 -0.803307 -0.777737 0.182030 3.133253 0.002277 -1.303701

    21 3.312558 -0.046593 0.006252 0.000001 0.000001 0.153606

    22 0.925331 -0.871265 -0.000004 0.000000 0.000000 0.285318

    23 0.754465 0.000763 0.000000 0.000000 0.000000 -0.019620

    24 0.521176 -0.000004 0.000000 0.000000 0.000000 -0.006080

    25 0.608022 -0.000004 0.000000 0.000000 0.000000 0.000000

    26 -2.506053 0.294117 -0.679961 0.112573 -..00000 0.000000

    27 -2.368179 0.000000 0.000000 0.000000 -0.001746 0.000000

    28 -9.115129 0.000000 0.000000 0.000000 0.008726 0.000000

    29 -9.131514 0.000977 0.003450 0.000000 -..00000 0.000000

    30 -0.652489 0.000000 0.000000 0.000000 -..00000 0.000000

    31 -2.711254 0.172199 0.864445 0.000000 0.129452 0.000000

    32 -1.151564 0.000000 0.000000 0.000000 -..00000 0.000000

    33 -0.788784 0.000000 0.000000 0.000000 -..00000 0.000000

    34 -2.764462 0.287331 0.138605 0.000000 -0.006982 0.000000

    35 -1.313322 0.000000 0.000000 0.000000 -..00000 0.000000

    36 -0.939175 0.000000 0.000000 0.000000 -..00000 0.000000

    37 -2.717173 0.214489 -0.556826 0.000000 -0.172787 0.000000

    38 -1.189724 0.000000 -0.000001 0.000000 -..00000 0.000000

    39 -0.845285 0.000000 0.000000 0.000000 -..00000 0.000000

    40 -2.525431 0.015224 -1.176562 0.000000 -0.300275 0.000000

    41 -0.930141 0.000000 0.000001 0.000000 -..00000 0.000000

    42 -0.679722 0.000000 -0.000010 0.000000 -..00000 0.000000

    43 -0.403164 -0.191990 0.821594 0.957120 0.508381 0.429736

    44 -1.311485 -0.000015 0.000038 0.000000 -0.149906 0.000000

    45 -0.960159 -0.000069 0.000076 0.000000 0.000002 0.000000

    46 -5.208702 0.000000 0.000000 0.000000 -..00000 0.000000

    47 -3.618282 0.649345 0.000000 0.000000 -..00000 0.000000

    48 -9.115134 0.000000 0.000000 0.000000 0.008726 0.000000

    49 0.000000 0.000000 0.000000 0.000000 -..00000 0.000000

    50 2.506053 0.294300 -0.679935 0.112573 -..00000 0.000000

    51 2.368170 0.000000 0.000000 0.000000 0.001746 0.000000

    52 9.115146 0.000000 0.000000 0.000000 -0.008726 0.000000

    53 9.155102 0.000805 0.004647 0.000000 -..00000 0.000000

    54 0.653173 0.000000 0.000000 0.000000 0.013963 0.000000

    55 2.701797 0.172153 0.893647 0.000000 -0.143421 0.000000

    56 1.152536 0.000000 0.000000 0.000000 -..00000 0.000000

    57 0.789457 0.000000 0.000000 0.000000 -..00000 0.000000

    58 2.765160 0.287029 0.175543 0.000000 -0.006982 0.000000

    59 1.314705 0.000000 0.000000 0.000000 -..00000 0.000000

    60 0.940166 0.000000 0.000000 0.000000 -..00000 0.000000

    61 2.727537 0.214348 -0.513847 0.000000 0.158832 0.000000

    62 1.190622 0.000000 0.000000 0.000000 -..00000 0.000000

    63 0.845943 0.000000 0.000000 0.000000 -..00000 0.000000

    64 2.544277 0.015171 -1.130271 0.000000 0.286323 0.000000

    65 0.930323 0.000000 0.000000 0.000000 -..00000 0.000000

    66 0.679867 0.000000 0.000000 0.000000 -..00000 0.000000

    67 0.392075 -0.192200 0.819253 0.963823 -0.521067 -0.433037

    68 1.309338 -0.000011 -0.000008 0.000000 0.149906 0.000000

    69 0.959313 0.000008 -0.000008 0.000000 -..00000 0.000000

    70 5.208645 0.000000 0.000000 0.000000 -..00000 0.000000

    71 3.831024 0.617695 0.004655 0.000000 -..00000 0.000000

    72 9.115151 0.000000 0.000000 0.000000 -0.008726 0.000000

    73 0.000000 0.000000 0.000000 0.000000 -..00000 0.000000

    74 2.506053 0.294292 -0.679935 0.112581 0.000002 0.000000

    75 -2.506053 0.294117 -0.679961 0.112581 -0.000002 0.000000

    76 0.000000 -0.601276 0.000000 0.000000 -..00000 0.000000

    77 0.000000 -6.198307 0.502811 0.808386 -..00000 0.000000

    78 0.000000 0.000000 0.843157 0.000000 -..00000 0.000000

    79 3.840519 -3.956844 2.003595 0.018552 -..00000 0.000000

    80 -3.840519 -3.956844 2.003595 0.018552 -..00000 0.000000

    81 0.000000 -1.041191 1.678728 0.000000 -..00000 0.000000

    82 -2.578430 -5.260757 -2.707634 0.000000 -..00000 0.000000

    83 0.000000 0.019283 -0.703960 0.000000 -..00000 0.000000

    84 2.578430 -5.260757 -2.707634 0.000000 -..00000 0.000000

    85 0.000000 0.019283 -0.703960 0.000000 -..00000 0.000000

    86 -2.865750 -4.860222 -1.095047 0.018552 -..00000 0.000000

    87 0.000000 0.000004 0.000004 0.000000 -..00000 0.000000

    88 0.000988 -16.173046 -0.124994 -0.079639 -..00000 0.000000

    89 0.000000 -16.421181 -0.494579 0.064781 -..00000 0.000000

    90 0.000000 -0.617968 -0.000001 0.000000 -..00000 0.000000

    91 -0.000988 -2.245454 -0.290178 0.229900 -..00000 0.000000

    92 0.000000 0.015809 5.172332 -0.002893 -..00000 0.000000

    93 -0.000988 -3.541827 -0.001193 0.232793 -..00000 0.000000

    94 2.865750 -4.860161 -1.095039 0.018552 -..00000 0.000000

    95 0.000000 0.000004 0.000004 0.000000 -..00000 0.000000

    96 -0.000988 -16.173046 -0.124987 -0.079639 -..00000 0.000000

    97 0.000000 -16.421251 -0.494577 0.064785 0.000002 0.000000

    98 0.000000 -0.617959 -0.000009 0.000000 0.000000 0.000000

    99 0.000988 -2.245430 -0.290169 0.229900 0.000000 0.000000

    100 -0.000002 0.015813 5.172321 -0.002893 0.000000 0.000000

    101 0.000988 -3.541806 -0.001182 0.232793 -..00000 0.000000

    102 -1.472168 -2.688231 3.217525 3.095458 0.200697 0.050381

    103 2.710739 0.296380 -0.153433 -0.006133 0.133354 0.007100

    104 -2.260345 -0.323579 3.188503 -0.145435 0.082943 0.107902

    105 1.936237 -0.033535 1.067787 0.007516 0.065599 0.010467

    106 -2.428345 1.814899 2.985595 -0.350417 0.131943 0.000288

    107 1.137848 0.332013 0.327444 0.000372 -0.044950 -0.016552

    108 -1.475647 -2.686863 -3.217471 0.050763 -0.087912 0.032285

    109 2.710590 -0.225677 0.145236 0.001534 0.049601 -0.002624

    110 -2.253838 -0.326887 -3.143151 -2.979726 0.027751 0.129874

    111 2.039879 0.059047 0.917530 -0.018563 0.129306 -0.021897

    112 -2.432922 1.814506 -2.976001 -2.799757 0.014436 -0.000145

    113 1.151436 -0.400186 0.136490 -0.000776 0.064974 -0.023891

end

First pass so continue.
First pass so continue.
200
300
400
500
