Triangles:
[[-10.184  -0.36    9.952   1.   ]
 [ -9.092  -0.36   11.268   1.   ]
 [ -9.568  -0.36   11.268   1.   ]]
Camera position: 
[0. 0. 0. 1.]
Thingthing: 9.952
aaaaaaaaa: -9.961961961961961
aaaaaaaaa: -11.279279279279278
aaaaaaaaa: -11.279279279279278
POOPOO: 
[[-10.184       -0.36        -9.96196196  -9.952     ]
 [ -9.092       -0.36       -11.27927928 -11.268     ]
 [ -9.568       -0.36       -11.27927928 -11.268     ]]
PEEPEE: 
[[-1.0233119  -0.03617363  1.001001    1.        ]
 [-0.80688676 -0.03194888  1.001001    1.        ]
 [-0.84913028 -0.03194888  1.001001    1.        ]]
bbbbbbbbb: 1.0010010010010009
bbbbbbbbb: 1.0010010010010009
bbbbbbbbb: 1.0010010010010009
0
Thingthing: 9.952
aaaaaaaaa: -9.961961961961961
aaaaaaaaa: -11.279279279279278
aaaaaaaaa: -10.238238238238237
BULLBULLBULL
POOPOO: 
[[-10.184       -0.36        -9.96196196  -9.952     ]
 [ -9.568       -0.36       -11.27927928 -11.268     ]
 [-10.424       -0.36       -10.23823824 -10.228     ]]
PEEPEE: 
[[-1.0233119  -0.03617363  1.001001    1.        ]
 [-0.84913028 -0.03194888  1.001001    1.        ]
 [-1.01916308 -0.0351975   1.001001    1.        ]]
bbbbbbbbb: 1.0010010010010009
bbbbbbbbb: 1.0010010010010009
bbbbbbbbb: 1.0010010010010009
Thingthing: 10.228
aaaaaaaaa: -10.238238238238237
aaaaaaaaa: -11.279279279279278
aaaaaaaaa: -11.279279279279278
POOPOO: 
[[-10.424       -0.36       -10.23823824 -10.228     ]
 [-11.276       -0.36       -11.27927928 -11.268     ]
 [-11.748       -0.36       -11.27927928 -11.268     ]]
PEEPEE: 
[[-1.01916308 -0.0351975   1.001001    1.        ]
 [-1.00070998 -0.03194888  1.001001    1.        ]
 [-1.04259851 -0.03194888  1.001001    1.        ]]
bbbbbbbbb: 1.0010010010010009
bbbbbbbbb: 1.0010010010010009
bbbbbbbbb: 1.0010010010010009
Thingthing: 10.228
aaaaaaaaa: -10.238238238238237
aaaaaaaaa: -11.279279279279278
aaaaaaaaa: -9.961961961961961
BULLBULLBULL
POOPOO: 
[[-10.424       -0.36       -10.23823824 -10.228     ]
 [-11.748       -0.36       -11.27927928 -11.268     ]
 [-10.66        -0.36        -9.96196196  -9.952     ]]
PEEPEE: 
[[-1.01916308 -0.0351975   1.001001    1.        ]
 [-1.04259851 -0.03194888  1.001001    1.        ]
 [-1.07114148 -0.03617363  1.001001    1.        ]]
bbbbbbbbb: 1.0010010010010009
bbbbbbbbb: 1.0010010010010009
bbbbbbbbb: 1.0010010010010009
Thingthing: 9.952
aaaaaaaaa: -9.961961961961961
aaaaaaaaa: -10.238238238238237
aaaaaaaaa: -9.961961961961961
BULLBULLBULL
POOPOO: 
[[-10.184       -0.36        -9.96196196  -9.952     ]
 [-10.424       -0.36       -10.23823824 -10.228     ]
 [-10.66        -0.36        -9.96196196  -9.952     ]]
PEEPEE: 
[[-1.0233119  -0.03617363  1.001001    1.        ]
 [-1.01916308 -0.0351975   1.001001    1.        ]
 [-1.07114148 -0.03617363  1.001001    1.        ]]
bbbbbbbbb: 1.0010010010010009
bbbbbbbbb: 1.0010010010010009
bbbbbbbbb: 1.0010010010010009
Thingthing: 8.54
aaaaaaaaa: -8.548548548548547
aaaaaaaaa: -9.961961961961961
aaaaaaaaa: -9.961961961961961
POOPOO: 
[[ -9.008       -0.36        -8.54854855  -8.54      ]
 [-10.184       -0.36        -9.96196196  -9.952     ]
 [-10.66        -0.36        -9.96196196  -9.952     ]]
PEEPEE: 
[[-1.05480094 -0.04215457  1.001001    1.        ]
 [-1.0233119  -0.03617363  1.001001    1.        ]
 [-1.07114148 -0.03617363  1.001001    1.        ]]
bbbbbbbbb: 1.0010010010010009
bbbbbbbbb: 1.0010010010010009
bbbbbbbbb: 1.0010010010010009
Thingthing: 8.54
aaaaaaaaa: -8.548548548548547
aaaaaaaaa: -9.961961961961961
aaaaaaaaa: -9.677677677677675
BULLBULLBULL
POOPOO: 
[[ -9.008       -0.36        -8.54854855  -8.54      ]
 [-10.66        -0.36        -9.96196196  -9.952     ]
 [-10.424       -0.36        -9.67767768  -9.668     ]]
PEEPEE: 
[[-1.05480094 -0.04215457  1.001001    1.        ]
 [-1.07114148 -0.03617363  1.001001    1.        ]
 [-1.07819611 -0.03723624  1.001001    1.        ]]
bbbbbbbbb: 1.0010010010010009
bbbbbbbbb: 1.0010010010010009
bbbbbbbbb: 1.0010010010010009
Thingthing: 9.668
aaaaaaaaa: -9.677677677677675
aaaaaaaaa: -9.961961961961961
aaaaaaaaa: -8.548548548548547
BULLBULLBULL
POOPOO: 
[[-10.424       -0.36        -9.67767768  -9.668     ]
 [-10.66        -0.36        -9.96196196  -9.952     ]
 [-11.824       -0.36        -8.54854855  -8.54      ]]
PEEPEE: 
[[-1.07819611 -0.03723624  1.001001    1.        ]
 [-1.07114148 -0.03617363  1.001001    1.        ]
 [-1.38454333 -0.04215457  1.001001    1.        ]]
bbbbbbbbb: 1.0010010010010009
bbbbbbbbb: 1.0010010010010009
bbbbbbbbb: 1.0010010010010009
Thingthing: 8.54
aaaaaaaaa: -8.548548548548547
aaaaaaaaa: -9.677677677677675
aaaaaaaaa: -8.548548548548547
BULLBULLBULL
POOPOO: 
[[ -9.008       -0.36        -8.54854855  -8.54      ]
 [-10.424       -0.36        -9.67767768  -9.668     ]
 [ -9.484       -0.36        -8.54854855  -8.54      ]]
PEEPEE: 
[[-1.05480094 -0.04215457  1.001001    1.        ]
 [-1.07819611 -0.03723624  1.001001    1.        ]
 [-1.11053864 -0.04215457  1.001001    1.        ]]
bbbbbbbbb: 1.0010010010010009
bbbbbbbbb: 1.0010010010010009
bbbbbbbbb: 1.0010010010010009
Thingthing: 8.54
aaaaaaaaa: -8.548548548548547
aaaaaaaaa: -9.677677677677675
aaaaaaaaa: -8.548548548548547
BULLBULLBULL
POOPOO: 
[[-11.352       -0.36        -8.54854855  -8.54      ]
 [-10.424       -0.36        -9.67767768  -9.668     ]
 [-11.824       -0.36        -8.54854855  -8.54      ]]
PEEPEE: 
[[-1.329274   -0.04215457  1.001001    1.        ]
 [-1.07819611 -0.03723624  1.001001    1.        ]
 [-1.38454333 -0.04215457  1.001001    1.        ]]
bbbbbbbbb: 1.0010010010010009
bbbbbbbbb: 1.0010010010010009
bbbbbbbbb: 1.0010010010010009
Thingthing: 9.952
aaaaaaaaa: -9.961961961961961
aaaaaaaaa: -11.279279279279278
aaaaaaaaa: -11.279279279279278
POOPOO: 
[[-10.184        0.373033    -9.96196196  -9.952     ]
 [ -9.568        0.373033   -11.27927928 -11.268     ]
 [ -9.092        0.373033   -11.27927928 -11.268     ]]
PEEPEE: 
[[-1.0233119   0.03748322  1.001001    1.        ]
 [-0.84913028  0.03310552  1.001001    1.        ]
 [-0.80688676  0.03310552  1.001001    1.        ]]
bbbbbbbbb: 1.0010010010010009
bbbbbbbbb: 1.0010010010010009
bbbbbbbbb: 1.0010010010010009
Thingthing: 9.952
aaaaaaaaa: -9.961961961961961
aaaaaaaaa: -10.238238238238237
aaaaaaaaa: -11.279279279279278
BULLBULLBULL
POOPOO: 
[[-10.184        0.373033    -9.96196196  -9.952     ]
 [-10.424        0.373033   -10.23823824 -10.228     ]
 [ -9.568        0.373033   -11.27927928 -11.268     ]]
PEEPEE: 
[[-1.0233119   0.03748322  1.001001    1.        ]
 [-1.01916308  0.03647174  1.001001    1.        ]
 [-0.84913028  0.03310552  1.001001    1.        ]]
bbbbbbbbb: 1.0010010010010009
bbbbbbbbb: 1.0010010010010009
bbbbbbbbb: 1.0010010010010009
Thingthing: 10.228
aaaaaaaaa: -10.238238238238237
aaaaaaaaa: -11.279279279279278
aaaaaaaaa: -11.279279279279278
POOPOO: 
[[-10.424        0.373033   -10.23823824 -10.228     ]
 [-11.748        0.373033   -11.27927928 -11.268     ]
 [-11.276        0.373033   -11.27927928 -11.268     ]]
PEEPEE: 
[[-1.01916308  0.03647174  1.001001    1.        ]
 [-1.04259851  0.03310552  1.001001    1.        ]
 [-1.00070998  0.03310552  1.001001    1.        ]]
bbbbbbbbb: 1.0010010010010009
bbbbbbbbb: 1.0010010010010009
bbbbbbbbb: 1.0010010010010009
Thingthing: 10.228
aaaaaaaaa: -10.238238238238237
aaaaaaaaa: -9.961961961961961
aaaaaaaaa: -11.279279279279278
BULLBULLBULL
POOPOO: 
[[-10.424        0.373033   -10.23823824 -10.228     ]
 [-10.66         0.373033    -9.96196196  -9.952     ]
 [-11.748        0.373033   -11.27927928 -11.268     ]]
PEEPEE: 
[[-1.01916308  0.03647174  1.001001    1.        ]
 [-1.07114148  0.03748322  1.001001    1.        ]
 [-1.04259851  0.03310552  1.001001    1.        ]]
bbbbbbbbb: 1.0010010010010009
bbbbbbbbb: 1.0010010010010009
bbbbbbbbb: 1.0010010010010009
Thingthing: 9.952
aaaaaaaaa: -9.961961961961961
aaaaaaaaa: -9.961961961961961
aaaaaaaaa: -10.238238238238237
POOPOO: 
[[-10.184        0.373033    -9.96196196  -9.952     ]
 [-10.66         0.373033    -9.96196196  -9.952     ]
 [-10.424        0.373033   -10.23823824 -10.228     ]]
PEEPEE: 
[[-1.0233119   0.03748322  1.001001    1.        ]
 [-1.07114148  0.03748322  1.001001    1.        ]
 [-1.01916308  0.03647174  1.001001    1.        ]]
bbbbbbbbb: 1.0010010010010009
bbbbbbbbb: 1.0010010010010009
bbbbbbbbb: 1.0010010010010009
Thingthing: 8.54
aaaaaaaaa: -8.548548548548547
aaaaaaaaa: -9.961961961961961
aaaaaaaaa: -9.961961961961961
POOPOO: 
[[ -9.008        0.373033    -8.54854855  -8.54      ]
 [-10.66         0.373033    -9.96196196  -9.952     ]
 [-10.184        0.373033    -9.96196196  -9.952     ]]
PEEPEE: 
[[-1.05480094  0.04368068  1.001001    1.        ]
 [-1.07114148  0.03748322  1.001001    1.        ]
 [-1.0233119   0.03748322  1.001001    1.        ]]
bbbbbbbbb: 1.0010010010010009
bbbbbbbbb: 1.0010010010010009
bbbbbbbbb: 1.0010010010010009
Thingthing: 8.54
aaaaaaaaa: -8.548548548548547
aaaaaaaaa: -9.677677677677675
aaaaaaaaa: -9.961961961961961
BULLBULLBULL
POOPOO: 
[[ -9.008        0.373033    -8.54854855  -8.54      ]
 [-10.424        0.373033    -9.67767768  -9.668     ]
 [-10.66         0.373033    -9.96196196  -9.952     ]]
PEEPEE: 
[[-1.05480094  0.04368068  1.001001    1.        ]
 [-1.07819611  0.0385843   1.001001    1.        ]
 [-1.07114148  0.03748322  1.001001    1.        ]]
bbbbbbbbb: 1.0010010010010009
bbbbbbbbb: 1.0010010010010009
bbbbbbbbb: 1.0010010010010009
Thingthing: 9.668
aaaaaaaaa: -9.677677677677675
aaaaaaaaa: -8.548548548548547
aaaaaaaaa: -9.961961961961961
BULLBULLBULL
POOPOO: 
[[-10.424        0.373033    -9.67767768  -9.668     ]
 [-11.824        0.373033    -8.54854855  -8.54      ]
 [-10.66         0.373033    -9.96196196  -9.952     ]]
PEEPEE: 
[[-1.07819611  0.0385843   1.001001    1.        ]
 [-1.38454333  0.04368068  1.001001    1.        ]
 [-1.07114148  0.03748322  1.001001    1.        ]]
bbbbbbbbb: 1.0010010010010009
bbbbbbbbb: 1.0010010010010009
bbbbbbbbb: 1.0010010010010009
Thingthing: 8.54
aaaaaaaaa: -8.548548548