Before 3d: -9.008000
-0.360000
3.540000
1.000000
-9.008000
0.373033
3.540000
1.000000
-10.184000
0.373033
4.952000
1.000000



[[ -9.008     -0.36       3.54       0.      ]
 [ -9.008      0.373033   3.54       0.      ]
 [-10.184      0.373033   4.952      0.      ]]



After 3d: -9.008012
-0.360000
3.440344
3.540000
-9.008012
0.373033
3.440344
3.540000
-10.184013
0.373033
4.852486
4.952000

[[ -9.008       -0.36        -3.54035404  -3.54      ]
 [ -9.008        0.373033    -3.54035404  -3.54      ]
 [-10.184        0.373033    -4.95249525  -4.952     ]]




Here is matProj:

[
[1.000001, 0.000000, 0.000000, 0.000000, ][0.000000, 1.000001, 0.000000, 0.000000, ][0.000000, 0.000000, 1.000100, 1.000000, ][0.000000, 0.000000, -0.100010, 0.000000, ]
]
Projection matrix:
[[ 1.          0.          0.          0.        ]
 [ 0.          1.          0.          0.        ]
 [ 0.          0.         -1.00010001 -1.        ]
 [ 0.          0.         -0.10001     0.        ]]